3.938491076332652 2.57637619439452 0.36423567703837145
3.22485695330587 8.800091988589084 0.9144264434188865
0.643219211766578 3.260689643214537 7.224468519660737
2.147846112036743 7.976875985365858 7.509613351670369
4.9372163621960325 9.65365257165388 4.118530827508006
8.667230327331135 1.8135495630451137 5.600641293500005
7.065856020063393 6.611461971991962 8.199719246652194
4.404912790023797 1.9093110435221838 6.367584917674032
3.6082511938782105 2.4139668387123505 0.8221301284377058
8.304187705894497 0.8170941281825428 9.010105054356481
5.500273469378555 7.474414875190006 2.1625322345200115
4.099262332625008 6.776763739359852 2.6985101541512013
6.387986818774584 7.039288066814321 0.3633513652392206
4.977802668453749 3.795589265196453 2.462080746797045
4.713466792309756 9.136930298034715 4.644685434851433
9.156872449676497 6.853932086799736 2.210227695944502
0.7511820897688115 9.207355225870053 4.698920678429326
7.019850272628939 3.0639247046402716 5.913224273109825
9.83817029838076 9.637346694453129 8.629055307850932
0.6771085551489475 3.0824678368244895 4.977030398110593
8.800563959276253 1.0007487902867285 6.15294352810187
5.6386434788062845 6.815016931562708 4.009673553802933
6.816723947889449 5.298446619180078 6.92070654458511
2.513512584707077 1.5000118881824664 9.442008723022106
9.136236512577332 3.509483585745272 8.950675235876753
3.0386091558883352 3.410818592974242 2.2494684813095702
0.8759429265979013 6.876312318404095 4.468325878419133
8.516498079944643 0.6468228341432702 1.7084043984521702
3.9394109435677995 5.594345673060302 9.13936767996666
2.106033265518572 9.52076382608237 6.564323369813789
7.573939482010474 9.968526139216957 1.8478486320206677
7.026268297017121 0.8171268822400002 1.0120047926849718
8.527228542480113 8.116092178806351 1.0269970048962385
6.238554225551491 1.3468465972462718 8.780161707807766
0.7508712384014682 4.38234420277851 7.067400664415484
1.6671652656172342 6.625830815232041 0.6357462052932572
4.395218783207904 2.7110140783629353 9.685679709636727
1.577621043155204 9.74679650075342 0.5037162464373957
5.944100258351791 6.157602507220458 2.237438761467857
7.895050862208738 1.4022553233385648 7.834335112155504
3.9611978312581595 4.906263033152629 8.92011171141844
3.5222697595936303 5.076578084068607 9.00788803352613
0.49426342298296677 0.8707603556881183 4.472237283233943
6.0872074264778515 7.401062887045566 6.580842267702525
5.859180268922881 3.0187248430314817 2.3923731378398507
4.959220132380024 6.020706221974774 0.6514469734687267
2.6722729400001044 7.71562602994366 6.6486404270829835
4.239639249171011 9.736567211071742 3.1288554887296662
3.7041411014227013 6.869120106861494 2.322960628439499
5.138426877986174 8.563642697119144 0.26904847631678996
1.6982791035388756 0.662949464057776 3.345257371708812
6.549546962049307 4.300131924319819 6.502927046045542
8.758228699726917 3.8683967418699883 5.35392273538137
5.554868396140523 6.577789795702862 8.805430092895584
8.502142081142928 5.745207507991874 0.42005118945016684
8.311134019569321 0.7113754963305341 4.086686004034262
7.876301938252216 4.49637621559398 8.763491989057313
2.5664867203058606 4.263380081669364 6.243045422218821
3.490979514290924 2.194548015226961 3.2565286721249995
2.640800296049096 0.582422111847134 6.472130352894254
2.4934219607817165 4.592997976859317 2.2626192054419625
5.784845125282287 2.8728127507046386 2.585278995946123
2.442867635620204 9.78099988906313 8.718514659787376
0.5731631089990186 9.04044389519689 5.665251535570817
2.2391999620029104 8.22040935405975 1.0823358140494699
6.519199668549827 9.78676196601598 6.3077801933172974
4.93679137259946 5.25469648472534 9.300751455347097
3.0322415806157177 3.557268618438074 6.612285859069248
8.023666988469731 2.1295219461486683 4.976880645955513
1.7363272860133794 7.081640661034796 7.278343256865573
1.457454434177382 7.290000879083152 4.847331104162405
1.0825254525391126 8.675831028878532 3.817528827572332
4.136594511899084 1.0775625510893716 5.12104855910677
6.117592808440376 9.237778136517587 9.67115072076884
5.479576048063761 1.761060953426774 7.532240203095656
9.702547817692682 8.201766766885232 2.5677869603811376
7.03696673439781 2.3935282474536637 6.67122878042932
7.851376968599803 5.584924575129456 9.864089775002295
5.439815788702908 7.547466096815295 9.55605351055434
0.09896083888034424 7.844464950270517 7.960183717662486
0.08156281157827072 8.276346385141832 8.988119090483924
2.7931278759780334 2.4664708766447516 4.708238712996473
8.545485534966446 7.375310577852589 0.21008361103655782
6.292015961039409 1.1454058967279779 4.5491777280064
8.451379674916407 5.335934096285734 8.185119323926358
6.556942824217701 2.9260314735447435 6.89651691031501
3.847720422531733 8.4431215007092 9.594060469197244
3.3537329243388037 9.822631724169078 4.985288123524203
6.981887375068579 2.8502401626403504 7.7699182963620075
4.971720019881406 7.979806202995149 6.433872915088773
5.9227985435893995 3.7637352651717 0.3456740582292206
7.267934254940823 6.388709593813391 7.512167894778817
5.487878522725389 4.111743462852971 2.6878099277176712
0.14156919198860307 3.2354037110757528 0.42428859949166786
2.8588136022771327 7.27235997970285 6.250089058257107
9.906714312470092 2.0655650436716364 9.620303301793605
1.4959335915485783 9.074772897621207 0.053784513236520004
2.0943055126311814 7.752569970455067 7.540254496644803
3.035920824461572 3.807693157104568 7.544792659337599
7.080800682764853 6.62307427970268 8.524756992628628
