(2828,0.16887748388010873)
(188,0.5710512566221678)
(528,0.17192429278488178)
(3956,0.15372170092782544)
(346,0.20915632093827072)
(282,0.2352294081535464)
(736,0.29091965316957347)
(766,0.31351708304895043)
(456,0.163481232730864)
(4316,0.2879863859510289)
(190,0.4532515432425698)
(4076,0.16948925694753483)
(312,0.17119279461867024)
(2030,0.20364041134475322)
(4566,0.1772830779387122)
(1734,0.1803954437024227)
(1688,0.17749362479631567)
(1602,0.15372170092782544)
(2658,0.5204826371385651)
(1918,0.1785899609921039)
(1124,0.181482989160085)
(1714,0.18949571981791627)
(1506,0.2942418801440435)
(1554,0.16040016192523643)
(846,0.32312511382201103)
(3838,0.17108282723484858)
(3048,0.1728770465725599)
(4538,0.16678801187285588)
(774,0.15372170092782544)
(1142,0.19613790627738242)
(4226,0.20508791066704776)
(292,0.3562995229380528)
(1706,0.17075706727951673)
(2642,0.17278642647237782)
(1308,0.26999796304146223)
(784,0.43436902509647246)
(274,0.2509427889171192)
(2564,0.15545661558774243)
(4912,0.18618199399313323)
(1982,0.23148386512052443)
(2058,0.169315850792712)
(18,9.41528160667971)
(852,0.1568940392437254)
(112,6.130667078473416)
(502,0.20305204221450224)
(344,1.8293930993099703)
(1192,0.16678801187285588)
(2814,0.18195498156562862)
(1528,0.18598094574615945)
(3432,0.169315850792712)
(3976,0.16040016192523643)
(2400,0.15545661558774243)
(3964,0.19921637057578567)
(4780,0.22442693119812418)
(884,0.7388690549204595)
(1212,0.1579569547858789)
(788,0.2642351610344176)
(4604,0.20802069378705743)
(1320,0.15721961352175456)
(676,0.16930842948547387)
(444,0.2620246304154475)
(4542,0.1818652278221483)
(388,16.921062000186822)
(532,0.24734492797340146)
(3126,0.1605948040568965)
(2698,0.1646824874623068)
(98,14.688943997588588)
(874,0.19251203010271523)
(3762,0.1568940392437254)
(3112,0.49435579057271717)
(3076,0.18333077855523724)
(1384,0.1750530892660695)
(1334,0.23119223062762514)
(4178,0.17657774093095013)
(164,0.4637864365851496)
(4150,0.16799077557089612)
(2554,0.2534897894632716)
(3512,0.1785994062110443)
(396,0.24100521879761572)
(1964,0.17053686254918)
(3716,0.16049236774282707)
(2436,0.16335290503341646)
(1546,0.3871827553881594)
(714,0.1895851608534208)
(226,0.6166332863370902)
(802,0.17855138956735767)
(3742,0.17259918480793418)
(662,0.16887748388010873)
(576,0.18957430362322253)
(1150,0.217169608395347)
(1382,0.16716783368363936)
(1032,0.17738627372274515)
(980,0.18618199399313323)
(3402,0.17598518168422975)
(1690,0.21533201449936562)
(3168,0.15545661558774243)
(1256,0.6437516095231753)
(362,0.26686138123562203)
(1884,0.15802461714312155)
(186,2.552141730655706)
(4614,0.15721961352175456)
(1000,0.1923521800718786)
(1520,0.1772830779387122)
(2320,14.197660124545036)
(1512,0.20305204221450224)
(174,0.3020241721885802)
(3588,0.18548495094608197)
(704,0.20850563376037112)
(498,0.19541095147238782)
(4498,0.23674586033739906)
(1584,0.16040016192523643)
(278,0.4799712295574666)
(1288,0.2476712511353728)
(194,0.5401468493711441)
(1194,0.18548495094608197)
(1586,0.21478816405973705)
(1074,0.19930336103985916)
(810,0.18187787900255759)
(3700,0.16040016192523643)
(2566,0.1750530892660695)
(1510,0.2031526060688023)
(696,0.5204826371385651)
(488,1.7585301015513903)
(2998,0.2806640289987313)
(116,0.7069242943820193)
(3120,0.2037895206070301)
(3504,0.17108282723484858)
(2710,0.5633192185674178)
(168,0.37317637499118406)
(1406,0.2521425956646347)
(966,0.16945964796331406)
(410,4.18047481685297)
(104,6.521145353442567)
(3590,2.2901650579130286)
(746,0.3283291126610417)
(4698,0.1942837752492296)
(182,0.31602777086068434)
(4568,0.2534897894632716)
(1600,0.16930842948547387)
(820,0.20789565161293003)
(3244,0.15802461714312155)
(2596,2.947842795853175)
(1276,0.33839324422044575)
(2158,0.16800517933646977)
(2510,0.18601714359511587)
(544,0.44286731438168003)
(3246,0.2768920022851876)
(1354,0.19236575188116853)
(148,0.6998181992170015)
(2944,0.17074907888173818)
(2244,0.15372170092782544)
(240,0.17852947334104993)
(24,3.9447644878814456)
(640,0.23674586033739906)
(1694,3.9994899470385454)
(3362,0.18839668776584428)
(1356,0.15545661558774243)
(364,0.4874728537895857)
(2118,0.16049236774282707)
(20,118.08175920924096)
(3056,0.16799077557089612)
(2046,0.16025562417084221)
(2144,0.1785899609921039)
(798,0.15545661558774243)
(2836,0.20646628440158526)
(1138,0.1605948040568965)
(510,0.20949230737463903)
(2214,0.16025562417084221)
(4380,0.17400735642855705)
(500,0.2942418801440435)
(3900,0.19580341590485428)
(2768,0.17234799170043835)
(670,0.3271353092601045)
(3630,0.16040016192523643)
(160,0.334915128264163)
(3734,0.20195467504278378)
(3446,0.1923521800718786)
(1014,0.1728770465725599)
(1300,0.20789565161293003)
(904,0.403739144976919)
(928,0.17766564530763618)
(1132,0.17598518168422975)
(570,0.2109192061363889)
(1458,0.17400735642855705)
(264,0.6369997531636887)
(962,0.20152165519978876)
(2044,0.1692491728690625)
(4,123.28588004601066)
(742,2.232696393188068)
(358,0.41656920121501184)
(1092,0.18171775389145467)
(1294,0.3057505485415149)
(854,0.5919243027397056)
(6,9.773442591561722)
(1352,0.16716783368363936)
(56,5.189575593996896)
(170,0.31069872308033775)
(86,1.40748334523368)
(2668,0.21323809268429983)
(1980,0.23781195497942392)
(176,0.31812142276072575)
(66,17.09218307950845)
(3870,0.20679624386600978)
(110,3.3906560780348927)
(1848,0.20526020751189805)
(4018,0.4870027635048525)
(828,0.21323809268429983)
(1490,0.4473617999317141)
(4868,0.18334518630899316)
(4104,0.16645654992413178)
(158,1.7566093138901402)
(1080,0.2768920022851876)
(4928,0.2905827050540484)
(2866,0.16645654992413178)
(442,0.6016991606499875)
(4906,0.18601714359511587)
(320,0.23645831552613628)
(216,3.206439403147623)
(2370,0.15917885992079983)
(340,0.3153576825478178)
(516,0.16040016192523643)
(3382,0.16948925694753483)
(2832,0.1579569547858789)
(2374,0.22088515466339934)
(1364,3.1743071449483407)
(1468,0.9697760667685582)
(1732,0.1818652278221483)
(850,5.917450062900093)
(3664,0.17749362479631567)
(1098,0.17508461556487595)
(2888,0.1759146651037223)
(4418,0.1937950246744269)
(4250,11.188730175028441)
(144,0.2928233590941402)
(2380,0.1851140354552738)
(1874,0.18357602374571177)
(1802,0.1568940392437254)
(3668,0.2760280319351697)
(3300,0.16440491775072824)
(1054,0.15545661558774243)
(1536,0.18122696995031162)
(656,0.5256303892930411)
(740,0.2528346287017514)
(960,0.15372170092782544)
(46,1.0814071163714503)
(1628,1.4045562091647603)
(2314,0.1937950246744269)
(4766,0.1568940392437254)
(2842,0.2760280319351697)
(4764,0.16530548387008204)
(3736,0.35656034237063206)
(4808,0.16852497396914115)
(2356,0.19989029869326116)
(700,0.19505595613517612)
(732,0.17854132370287337)
(318,0.15372170092782544)
(4564,0.20150350105091805)
(288,0.25711115892972614)
(1844,0.2321968905499295)
(330,0.161746318070947)
(3412,0.16025562417084221)
(944,9.024604397152748)
(108,0.25209905396136184)
(2134,0.1895851608534208)
(150,0.163481232730864)
(224,0.24434534575399353)
(3640,0.23385799093888088)
(3262,0.18839668776584428)
(916,0.1759146651037223)
(484,0.24679627557103415)
(1018,0.31351708304895043)
(3746,0.17234799170043835)
(1634,0.5286375385524137)
(4348,0.17682205548467042)
(1974,0.4870027635048525)
(2100,0.18171775389145467)
(48,17.5952279313277)
(4736,0.23674586033739906)
(1298,0.19580341590485428)
(280,0.34103007338352853)
(256,0.44206138427153996)
(32,1.6797337093878044)
(2884,0.21289554353227397)
(54,0.64774831720788)
(438,0.18085561527978236)
(4930,0.18794013407360063)
(1252,0.1568940392437254)
(2830,0.18507423606565213)
(1832,0.24983035873034323)
(1166,0.17108282723484858)
(3116,0.17682205548467042)
(1786,0.2276414499649081)
(236,0.3063727903563922)
(824,0.2550217865711971)
(620,0.5104072102173561)
(2258,0.1785899609921039)
(2568,0.19921637057578567)
(310,0.18195498156562862)
(552,0.17509584539149997)
(566,0.2760280319351697)
(3930,0.26999796304146223)
(4074,0.15545661558774243)
(3926,0.17594430057165839)
(2216,0.1727565093264281)
(1412,0.27524832963878776)
(4190,0.17878144172881874)
(3532,0.16049236774282707)
(1026,0.1709624474066069)
(130,0.538739977392618)
(1366,0.3239190693985244)
(204,0.3577167359196257)
(16,6.626640256300643)
(92,4.526035678843748)
(2328,0.15372170092782544)
(1044,0.20915632093827072)
(1582,0.2043330910252285)
(508,0.49089073583157317)
(300,0.22962978314545235)
(1564,0.1942837752492296)
(328,0.293858919880948)
(3794,0.19251203010271523)
(1208,0.16040016192523643)
(2000,0.20133112765083333)
(2530,0.16887748388010873)
(2936,0.19895299467300842)
(1008,0.47294480595831734)
(2138,0.1704460317858816)
(394,0.23148386512052443)
(942,0.1579569547858789)
(2680,0.3069117649472759)
(726,0.15721961352175456)
(1090,0.2356148414102956)
(1916,0.20424912298243725)
(990,0.25006389520652106)
(146,44.459872815198494)
(2386,0.18089348717675818)
(2094,0.5204826371385651)
(4242,0.25734337007727026)
(4720,0.21711683433121215)
(1662,0.15372170092782544)
(650,0.291886477229116)
(3800,0.21631151886697805)
(1118,0.19701215580565073)
(3604,0.24203743059695215)
(480,0.199682015957633)
(1040,0.1605948040568965)
(2452,0.29221657506769727)
(562,2.9386639359323747)
(856,0.2258366476085704)
(482,0.25918038521724446)
(4132,0.2550217865711971)
(948,0.19351357660594484)
(2790,0.17766564530763618)
(2556,0.21130994479337517)
(4382,0.19251203010271523)
(12,13.000332985088844)
(1698,0.16517656830763347)
(102,0.6389922338380404)
(614,0.3432465934629269)
(1894,0.16716783368363936)
(4812,0.15372170092782544)
(2148,0.1895851608534208)
(1378,0.17934233662761118)
(2202,0.16323583983279133)
(674,0.25623511728493387)
(1936,0.18770469623281935)
(42,0.5094643172910478)
(3424,41.99223714012649)
(386,0.4624507281515092)
(3966,0.15721961352175456)
(2086,2.149672815212984)
(506,0.3733848565831774)
(2354,0.2760280319351697)
(230,1.9559488162689918)
(3502,0.18171775389145467)
(4416,0.29221657506769727)
(2724,0.1818652278221483)
(3626,0.1851140354552738)
(1810,0.15372170092782544)
(658,0.381738159546593)
(2914,0.19361559572689857)
(2490,0.21323809268429983)
(2412,0.1590201668767481)
(2184,0.15721961352175456)
(1500,0.17432812423753924)
(334,0.6922821769404872)
(402,0.1772728055785909)
(4752,0.17075706727951673)
(1068,0.15545661558774243)
(3328,0.17432812423753924)
(60,2.794744851822915)
(3692,0.16025562417084221)
(3882,0.15372170092782544)
(268,0.23854143250411322)
(626,0.20638603326944238)
(3210,0.15545661558774243)
(654,0.1784153121880394)
(936,0.18195498156562862)
(1170,16.764603473304017)
(486,0.3125671365637246)
(1038,0.2037895206070301)
(1682,0.17401142906341058)
(994,0.2499996176301155)
(2726,1.6412643619122462)
(242,0.23460704533656482)
(1332,0.6016991606499875)
(892,0.18598094574615945)
(1010,0.16953122269060955)
(996,0.15802461714312155)
(1446,0.16040016192523643)
(564,2.5184197776436363)
(3378,0.181482989160085)
(94,0.9064965337685602)
(596,0.25157036087129586)
(3420,0.1605948040568965)
(1236,0.1727565093264281)
(4098,2.862675948310121)
(2228,0.16930842948547387)
(1238,0.2802481276771655)
(1530,0.17050713161343473)
(450,0.2746801594583305)
(2368,0.17278642647237782)
(1470,0.29221657506769727)
(14,22.021528659962765)
(1214,0.26989150109487087)
(354,0.17620569446948062)
(356,0.2541979885150838)
(3818,0.217169608395347)
(678,0.19486266556433848)
(4954,0.22196189149231887)
(434,0.39640749558335037)
(4656,0.2942418801440435)
(1348,0.15917885992079983)
(2,34.54660723909605)
(34,121.42743501367173)
(1942,0.16678801187285588)
(4436,0.15917885992079983)
(3890,0.18601103464283558)
(336,0.2086336474243099)
(680,0.16025562417084221)
(4050,0.15917885992079983)
(4756,0.22088515466339934)
(1716,0.15802461714312155)
(132,0.23805994742854308)
(1720,0.9911629828799232)
(3030,0.44893337689490675)
(1798,0.1772830779387122)
(618,0.17056054042637683)
(1292,0.17172688026429522)
(1260,0.17074907888173818)
(3774,0.16887748388010873)
(1870,0.19383706635515416)
(0,101.6003060505072)
(698,0.18171775389145467)
(342,0.22886080010273357)
(4758,0.16040016192523643)
(248,0.20649531161327817)
(2786,0.18862917286516392)
(1550,0.2942418801440435)
(314,0.32765244389628567)
(2968,0.22441656821728959)
(1866,0.5104072102173561)
(750,0.20649531161327817)
(1646,0.19547283047768885)
(684,0.20532688543554758)
(2106,0.1771509965736586)
(78,2.740516900203956)
(882,0.25734337007727026)
(2028,0.16948925694753483)
(4070,0.18679206533135742)
(968,0.2535402223280635)
(3138,0.16335290503341646)
(2256,0.1568940392437254)
(418,0.3043660039121394)
(70,3.9461298242548044)
(526,5.710905241385772)
(906,0.1818652278221483)
(4536,0.15545661558774243)
